1018.41
1018.39
1018.37
1018.38
1018.38
1018.4
1018.38
1018.38
1018.38
1018.39
1018.38
1018.36
1018.35
1018.37
1018.36
1018.38
1018.35
1018.34
1018.35
1018.39
1018.37
1018.36
1018.34
1018.36
1018.35
1018.32
1018.36
1018.35
1018.34
1018.34
1018.32
1018.34
1018.34
1018.36
1018.33
1018.33
1018.32
1018.33
1018.31
1018.34
1018.33
1018.31
1018.34
1018.31
1018.34
1018.3
1018.31
1018.33
1018.34
1018.3
1018.33
1018.34
1018.31
1018.31
1018.31
1018.31
1018.31
1018.28
1018.29
1018.32
1018.31
1018.32
1018.31
1018.29
1018.3
1018.28
1018.31
1018.31
1018.32
1018.31
1018.3
1018.3
1018.34
1018.33
1018.31
1018.32
1018.29
1018.28
1018.31
1018.31
1018.24
1018.25
1018.27
1018.24
1018.26
1018.28
1018.24
1018.22
1018.27
1018.27
